p 1 -0.2236305 3.28505
p 2 -0.2838495 2.782805
p 3 -0.276381 -1.48572
p 4 -0.26435605 4.333556
p 5 -0.060612 1.25915
p 6 -0.2016295 2.8155
K+ 1 -0.206955 5.69335
K+ 2 -0.409246 1.089824
K+ 3 -0.5040245 -6.2562
K+ 4 -0.369085 6.08863
K+ 5 0.038746 0.96442
K+ 6 -0.339692 3.0001
K- 1 -0.0879807 3.365181
K- 2 -0.407804 0.86079
K- 3 -0.2474816 -5.0717
K- 4 -0.17885 0.15399
K- 5 -0.01183261 4.56594
K- 6 -0.181527 3.59141
pi+ 1 -0.1833828 3.2762
pi+ 2 -0.23732647 1.29374
pi+ 3 -0.300761 -3.62422
pi+ 4 -0.2249485 3.98397
pi+ 5 -0.0259462 1.24329
pi+ 6 -0.14231 2.6699
pi- 1 -0.07753765 0.09227
pi- 2 -0.33419207 -0.77478
pi- 3 -0.310624 -3.7435
pi- 4 -0.26447731 -0.8509
pi- 5 -0.1105393 1.028747
pi- 6 -0.1286107 0.48891
